555555555555555555555555555555555555555
500000000000000000000000000000000000005
500111111111111111111111111111111101005
500100000000000000000000000000000010015
500100011111111111111111111111100001005
500100010000000010000001000000000010015
500100010000100000001000000100000001005
500100010000111111111111111100000010015
500100010000100000001000000100000001005
500100010000000010000001000100000000005
500100011111111111110111000111111111115
500100000100000000010100000000000000105
500100100000100000010111111111110001105
500111111111111100010100000000010000105
500000000000000000010100001000000000105
500001111111111111110110001111111111105
500001010101010101006000000000000000005
555555555555555555555555555555555555555

