555555555555555555555555555555555555555
511111111111111111141111111111111111115
511111111141111111141111111141111111115
511111114111111111444111111111411111115
511111141111111114444411111111141111115
511111411111111444444444111111114111115
511111411111114444444444411111114111115
511111410000044444444444441111114111115
514111140000444444444444444111141111415
511411104111444444444444444111411114115
511114100141144444444444441141111411115
514111044111414444161444414111441111415
511411001141111441444144111141111114115
511141001411111144444441111114111141115
510000441111111144141441111111144111115
510000011111111111444111111111111111115
511111111111111111111111111111111111115
555555555555555555555555555555555555555
