555555555555555555555555555555555555555
500000000000000000100000000000000000005
501100101000101000010011111111110000005
500010000010000000010000000000010000005
511000101000101000011111111001010000005
500000000000000000010000001001010000005
511111111100110000010010001110010000005
500000000000010011110000100000010000005
500000000000010000010010001111110000005
500111111111111000110000001000000000005
500000000000010000001111101000001000105
500000000000011000110000001000012101215
511111111110010000010011111000012212215
500000000000011110010000001000001222105
500000000000010000011111101000001222105
500000000000010000000000001006000121005
500000000000010000000000001000000010005
555555555555555555555555555555555555555

