555555555555555555555555555555555555555
500000100810000810810000000010000000165
500010200100000100100011000000111100005
500000100000100000000100100000000810005
522111111111111111111111111111111111115
500000000000000000000001811110000000005
511111011111111000011221001110111110105
500000100000811111181001001110000000105
500100101111100000001000101110122110105
500100100000000111111001001118100100105
500118100010000000200001001111000181105
500001000111111111111110001110001111105
511000000000000000000000000000018000005
511111111111111111111111111111111111125
500000000001000010000011111101100000005
500000001000111100110001010100001111105
500000001100000000110000000000100000005
555555555555555555555555555555555555555
