555555555555555555555555555555555555555
500000000000000111111111110000000000005
500000000110011444444444440100110000005
500000000001144444444444444110000000005
500000000110011444444444441641100000005
500000001100001144444444411144110000005
500000011000000114444444441444411000005
500000110000000011444444444444441100005
500001100000000000110114444444444110005
500000110000000000000011444444441100005
500000011000040000000001144444411000005
500000001100444000000000114444110000005
500000000110040000000000011441100000005
500000110011000000000000000011000110005
500001100001110000000000001110000011005
500011000000001111111011111000000001105
500000000000000000000000000000000000005
555555555555555555555555555555555555555
