555555555555555555555555555555555555555
560000000000000000000000000000000000005
511110001001000010001111110000100000005
500000001001010010000100000001010000005
500000001001001010000010000011111000005
500000001001000110011111000100000100005
500000000000000000000000000000000000005
511111111111111111111110111111111111115
522222222222222222222210122222222222225
511111111111111122222210122222222222225
500000000000000121111110111112222222225
500111111111110121000000000011111111115
500122222222210121000000000000000000005
500122222222210121111111000011111111105
500111111222210122222221000012222222105
500000001222210111111111000011111111105
500000012222100000000000000000000000005
555555555555555555555555555555555555555

