555555555555555555555555555555555555555
500000052825000000005888850000005222225
500500005250000000000588500000000522225
500050005550000555000055000055000052225
500005000000005000500000000500500005225
500000500000050000050000050000050000525
550000055555500000005555500000005000055
585000005225000000000585000050005000055
588500005225000055000050060500050000525
582850000525000055000005555000500005225
582850000525000052500000000005650000525
582850000525000052250000000056650000525
588500005250000052825555555556665000055
585000052500000522222500000005665000055
550000525000005555555000000000550000585
500005252500000000000000055000000005885
500005252250000000000000522500000058885
555555555555555555555555555555555555555
