555555555555555555555555555555555555555
500000000000000000000000000000000000005
500000000000000000000000000000000000005
500000000000000000000000000000000000005
500000000000000000000000000000000000005
500000000000000000000000000000000000005
500000000000000000000000000000000000005
500000000000000000000000000000000000005
500000000000000000000000000000000000005
500000000000000000000000000000000000005
500000000000000000000000000000000000005
500000000000000000000000000000000000005
500000000000000000000000000000000000005
500000000000000000000000000000000000005
500000000000000000000000000000000000005
500000000000000000000000000000000000005
500000000000000000000000000000000000005
555555555555555555555555555555555555555
